*************************************************
******************* ORCA 6.0.1 ******************
*************************************************
$Calculation_Status
   &GeometryIndex 1
   &ListStatus       OUT
   &VERSION [&Type "String"] "6.0.1"
   &PROGNAME [&Type "String"] "LeanSCF"
   &STATUS [&Type "String"] "NORMAL TERMINATION"
$End
$Geometry
   &GeometryIndex 1
   &ListStatus       OUT
   &NATOMS [&Type "Integer"] 9
   &NCORELESSECP [&Type "Integer"] 0
   &NGHOSTATOMS [&Type "Integer"] 0
   &CartesianCoordinates [&Type "Coordinates", &Dim(9,4), &Units "Bohr"] 
              C     -1.371180612693   -0.007499264779   -0.034638389206
              C      1.470787731392   -0.159284797943   -0.433140005663
              O      2.537192806760    2.184717971347    0.349389492783
              H     -2.283787392285   -1.774170154108   -0.614131071223
              H     -1.802001402448    0.336319212749    1.960380367727
              H     -2.172369364684    1.544566835230   -1.145259136059
              H      2.256796297287   -1.744731823326    0.668279766878
              H      1.885110821958   -0.537338030512   -2.440613952647
              H      4.349275362017    2.094389338801    0.098583522460
$End
$SCF_Energy
   &GeometryIndex 1
   &ListStatus       OUT
   &SCF_ENERGY [&Type "Double"]      -1.5493553899171164e+02
$End
$DFT_Energy
   &GeometryIndex 1
   &ListStatus       OUT
   &NALPHAEL [&Type "Integer"] 13
   &NBETAEL [&Type "Integer"] 13
   &NTOTALEL [&Type "Integer"] 26
   &EEXCHANGE [&Type "Double"]      -1.6463270424341090e+01
   &ECORR [&Type "Double"]      -1.0072052034476346e+00
   &ECNL [&Type "Double"]       0.0000000000000000e+00
   &EXC [&Type "Double"]      -1.7470475627788723e+01
   &EEMBED [&Type "Double"]       0.0000000000000000e+00
   &FINALEN [&Type "Double"]      -1.5493553899171164e+02  "No Van der Waals correction"
$End
$Mulliken_Population_Analysis
   &GeometryIndex 1
   &ListStatus       OUT
   &NATOMS [&Type "Integer"] 9
   &ATNO [&Type "ArrayOfIntegers", &Dim (9,1)] 
                                                         0

0                                                        6
1                                                        6
2                                                        8
3                                                        1
4                                                        1
5                                                        1
6                                                        1
7                                                        1
8                                                        1
   &ATOMICCHARGES [&Type "ArrayOfDoubles", &Dim (9,1)] 
                                                         0

0                                     -4.4274990509543777e-01
1                                     -9.5194607505275641e-03
2                                     -6.2741807902366808e-01
3                                      1.3862598047624897e-01
4                                      1.5702821303539727e-01
5                                      1.5709798354427962e-01
6                                      1.1552028802731740e-01
7                                      1.1553802041102301e-01
8                                      3.9587695937540257e-01
$End
$Loewdin_Population_Analysis
   &GeometryIndex 1
   &ListStatus       OUT
   &NATOMS [&Type "Integer"] 9
   &ATNO [&Type "ArrayOfIntegers", &Dim (9,1)] 
                                                         0

0                                                        6
1                                                        6
2                                                        8
3                                                        1
4                                                        1
5                                                        1
6                                                        1
7                                                        1
8                                                        1
   &ATOMICCHARGES [&Type "ArrayOfDoubles", &Dim (9,1)] 
                                                         0

0                                     -3.6959664054608687e-01
1                                     -1.0409898758698155e-01
2                                     -4.2268102833809529e-01
3                                      1.2637793403977571e-01
4                                      1.3124856156803877e-01
5                                      1.3127193501756151e-01
6                                      9.8824503242206152e-02
7                                      9.8822225170193567e-02
8                                      3.0983149743343263e-01
$End
$Mayer_Population_Analysis
   &GeometryIndex 1
   &ListStatus       OUT
   &NATOMS [&Type "Integer"] 9 "Total number of atoms"
   &BONDTHRESH [&Type "Double"]       1.0000000000000001e-01  "The threshold for printing"
   &NBONDORDERSPRINT [&Type "Integer"] 8 "The number of bond orders larger than threshold"
   &BONDORDERS [&Type "ArrayOfDoubles", &Dim (8,1)] "The bond orders"
                                                         0

0                                      1.0298065912870102e+00
1                                      9.4823642440560130e-01
2                                      9.4938315467286361e-01
3                                      9.4934033622977998e-01
4                                      9.6477382928468680e-01
5                                      9.3277080570619852e-01
6                                      9.3276454727744718e-01
7                                      7.9073618767085962e-01
   &COMPONENTS [&Type "ArrayOfIntegers", &Dim (8,4)] "The indices and atomic numbers of the bonding atoms"
                                                         0                           1                           2                           3

0                                                        0                           6                           1                           6
1                                                        0                           6                           3                           1
2                                                        0                           6                           4                           1
3                                                        0                           6                           5                           1
4                                                        1                           6                           2                           8
5                                                        1                           6                           6                           1
6                                                        1                           6                           7                           1
7                                                        2                           8                           8                           1
   &ATNO [&Type "ArrayOfIntegers", &Dim (9,1)] "Atomic number of the elements"
                                                         0

0                                                        6
1                                                        6
2                                                        8
3                                                        1
4                                                        1
5                                                        1
6                                                        1
7                                                        1
8                                                        1
   &NA [&Type "ArrayOfDoubles", &Dim (9,1)] "Mulliken gross atomic population"
                                                         0

0                                      6.4427499050954395e+00
1                                      6.0095194607505329e+00
2                                      8.6274180790236397e+00
3                                      8.6137401952375048e-01
4                                      8.4297178696460273e-01
5                                      8.4290201645572049e-01
6                                      8.8447971197268260e-01
7                                      8.8446197958897732e-01
8                                      6.0412304062459754e-01
   &ZA [&Type "ArrayOfDoubles", &Dim (9,1)] "Total nuclear charge"
                                                         0

0                                      6.0000000000000000e+00
1                                      6.0000000000000000e+00
2                                      8.0000000000000000e+00
3                                      1.0000000000000000e+00
4                                      1.0000000000000000e+00
5                                      1.0000000000000000e+00
6                                      1.0000000000000000e+00
7                                      1.0000000000000000e+00
8                                      1.0000000000000000e+00
   &QA [&Type "ArrayOfDoubles", &Dim (9,1)] "Mulliken gross atomic charge"
                                                         0

0                                     -4.4274990509543954e-01
1                                     -9.5194607505328932e-03
2                                     -6.2741807902363966e-01
3                                      1.3862598047624952e-01
4                                      1.5702821303539727e-01
5                                      1.5709798354427951e-01
6                                      1.1552028802731740e-01
7                                      1.1553802041102268e-01
8                                      3.9587695937540246e-01
   &VA [&Type "ArrayOfDoubles", &Dim (9,1)] "Mayer's total valence"
                                                         0

0                                      3.8579615735253499e+00
1                                      3.8489156823052939e+00
2                                      1.7816125027028638e+00
3                                      9.3612764896252931e-01
4                                      9.3527280787098777e-01
5                                      9.3522952363012790e-01
6                                      9.2590364795186975e-01
7                                      9.2589570858477965e-01
8                                      8.0450610742343243e-01
   &BVA [&Type "ArrayOfDoubles", &Dim (9,1)] "Mayer's bonded valence"
                                                         0

0                                      3.8579615735253121e+00
1                                      3.8489156823053019e+00
2                                      1.7816125027028993e+00
3                                      9.3612764896252498e-01
4                                      9.3527280787098799e-01
5                                      9.3522952363012679e-01
6                                      9.2590364795186664e-01
7                                      9.2589570858477421e-01
8                                      8.0450610742342854e-01
   &FA [&Type "ArrayOfDoubles", &Dim (9,1)] "Mayer's free valence"
                                                         0

0                                      0.0000000000000000e+00
1                                      0.0000000000000000e+00
2                                      0.0000000000000000e+00
3                                      0.0000000000000000e+00
4                                      0.0000000000000000e+00
5                                      0.0000000000000000e+00
6                                      0.0000000000000000e+00
7                                      0.0000000000000000e+00
8                                      0.0000000000000000e+00
$End
$Calculation_Info
   &GeometryIndex 1
   &ListStatus       OUT
   &MULT [&Type "Integer"] 1
   &CHARGE [&Type "Integer"] 0
   &NUMOFATOMS [&Type "Integer"] 9
   &NUMOFELECTRONS [&Type "Integer"] 26
   &NUMOFFCELECTRONS [&Type "Integer"] 1
   &NUMOFCORRELECTRONS [&Type "Integer"] 0
   &NUMOFBASISFUNCTS [&Type "Integer"] 54
   &NUMOFAUXCBASISFUNCTS [&Type "Integer"] 0
   &NUMOFAUXJBASISFUNCTS [&Type "Integer"] 213
   &NUMOFAUXJKBASISFUNCTS [&Type "Integer"] 0
   &NUMOFCABSBASISFUNCTS [&Type "Integer"] 0
   &TOTALENERGY [&Type "Double"]      -1.5493553899171164e+02  "Hartrees"
$End
$SCF_Dipole_Moment
   &GeometryIndex 1
   &ListStatus       OUT
   &METHOD [&Type "String"] "SCF"
   &LEVEL [&Type "String"] "Relaxed density"
   &MULT [&Type "Integer"] 1
   &STATE [&Type "Integer"] -1
   &IRREP [&Type "Integer"] 0
   &NATOMS [&Type "Integer"] 9
   &DODIPOLEATOM [&Type "Boolean"] false
   &DIPOLEELECCONTRIB [&Type "ArrayOfDoubles", &Dim (3,1)] "Electronic contribution"
                                                         0

0                                      2.0743398196993881e+00
1                                      1.6998600243176634e+00
2                                      4.1265434160178205e-01
   &DIPOLENUCCONTRIB [&Type "ArrayOfDoubles", &Dim (3,1)] "Nuclear contribution"
                                                         0

0                                     -1.7265789964612863e+00
1                                     -2.1539181679704700e+00
2                                     -6.3033923665274016e-01
   &DIPOLETOTAL [&Type "ArrayOfDoubles", &Dim (3,1)] "Total"
                                                         0

0                                      3.4776082323810176e-01
1                                     -4.5405814365280661e-01
2                                     -2.1768489505095812e-01
   &DIPOLEMAGNITUDE [&Type "Double", &Units "a.u."]       6.1195841486985181e-01
$End
$THERMOCHEMISTRY_Energies
   &GeometryIndex 1
   &ListStatus       OUT
   &TEMPERATURE [&Type "Double"]       2.9814999999999998e+02
   &PRESSURE [&Type "Double"]       1.0000000000000000e+00
   &TOTALMASS [&Type "Double"]       4.6069000000000003e+01
   &SPINDEGENERACY [&Type "Integer"] 1
   &ELENERGY [&Type "Double"]      -1.5493553899171164e+02
   &TRANSENERGY [&Type "Double"]       1.4162714244859817e-03
   &ROTENERGY [&Type "Double"]       1.4162714244859817e-03
   &VIBENERGY [&Type "Double"]       1.4329851242584530e-03
   &NUMOFFREQS [&Type "Integer"] 27
   &FREQSCALINGFACTOR [&Type "Double"]       1.0000000000000000e+00
   &FREQ [&Type "ArrayOfDoubles", &Dim (27,1)] "In cm^-1"
                                                         0

0                                      0.0000000000000000e+00
1                                      0.0000000000000000e+00
2                                      0.0000000000000000e+00
3                                      0.0000000000000000e+00
4                                      0.0000000000000000e+00
5                                      0.0000000000000000e+00
6                                      2.5191719023740166e+02
7                                      3.0279951028467053e+02
8                                      4.1754744981608474e+02
9                                      8.3074403142936035e+02
10                                     9.1228915987847995e+02
11                                     1.0415216920712583e+03
12                                     1.1255277248640655e+03
13                                     1.1935040169509532e+03
14                                     1.2902364640385731e+03
15                                     1.3101082597524248e+03
16                                     1.4276334325860985e+03
17                                     1.4798452367468958e+03
18                                     1.5136629653563871e+03
19                                     1.5318742753180065e+03
20                                     1.5609818058275191e+03
21                                     2.9801757928313473e+03
22                                     3.0031232558093006e+03
23                                     3.0552666191752446e+03
24                                     3.1261270622730485e+03
25                                     3.1305667039611121e+03
26                                     3.7421295463491733e+03
   &ZPE [&Type "Double"]       8.0254337424788949e-02
   &INNERENERGYU [&Type "Double"]      -1.5485101912631362e+02
   &ENTHALPYH [&Type "Double"]      -1.5485007491727137e+02
   &QEL [&Type "Double"]       0.0000000000000000e+00
   &QROT [&Type "Double"]       1.0605170527731292e-02
   &QVIB [&Type "Double"]       2.2040628487843290e-03
   &QTRANS [&Type "Double"]       1.7773589400123909e-02
   &ENTROPYS [&Type "Double"]       3.0582822776639526e-02
   &FREEENERGYG [&Type "Double"]      -1.5488065774004801e+02
   &ISLINEAR [&Type "Boolean"] false
$End
$Hessian
   &GeometryIndex 1
   &ListStatus       OUT
   &HESSIAN [&Type "ArrayOfDoubles", &Dim (27,27)] "The Hessian"
                                                         0                           1                           2                           3                           4                           5                           6                           7

0                                      4.9493640498732994e-01         7.6925923662440887e-03         1.3501400694670825e-02        -2.0254551090114836e-01         1.3204576175558144e-02         1.9156454188348868e-02        -2.3794593290962361e-02        -9.1490667705173209e-03
1                                      7.6925923662440887e-03         5.8960068061799198e-01         1.7176965893106191e-03         2.6384259787914977e-02        -8.1482294903610655e-02        -1.6668306428332003e-03        -4.4007652000777595e-02        -3.9027049124871621e-03
2                                      1.3501400694670825e-02         1.7176965893106191e-03         5.8238174381419716e-01         2.4261069875668027e-02        -1.2619549245689509e-04        -8.8299655467012683e-02        -1.3811248792609686e-02        -1.9638189143964336e-03
3                                     -2.0254551090114836e-01         2.6384259787914977e-02         2.4261069875668027e-02         5.1826309243649804e-01        -4.1723189669112169e-02        -7.4277411546169285e-03        -1.1185706837410106e-01        -2.0748663396788304e-02
4                                      1.3204576175558144e-02        -8.1482294903610655e-02        -1.2619549245689509e-04        -4.1723189669112169e-02         5.1794751568356157e-01        -2.3401766416482922e-02        -6.4872178836620387e-02        -1.9970515724169288e-01
5                                      1.9156454188348868e-02        -1.6668306428332003e-03        -8.8299655467012683e-02        -7.4277411546169285e-03        -2.3401766416482922e-02         5.8292877114427177e-01        -1.9838369976021758e-02        -4.9381594971197207e-02
6                                     -2.3794593290962361e-02        -4.4007652000777595e-02        -1.3811248792609686e-02        -1.1185706837410106e-01        -6.4872178836620387e-02        -1.9838369976021758e-02         6.0763153942647419e-01         5.2190289092179071e-02
7                                     -9.1490667705173209e-03        -3.9027049124871621e-03        -1.9638189143964336e-03        -2.0748663396788304e-02        -1.9970515724169288e-01        -4.9381594971197207e-02         5.2190289092179071e-02         2.9954505981282309e-01
8                                     -2.4126228387509954e-04         2.1906856184484933e-03         4.8832871919148486e-03        -2.6979997701527050e-03        -4.4044235903126061e-02        -8.3049181960517027e-02        -4.6460711827658874e-02         9.2086578331893876e-02
9                                     -1.0049241001520889e-01        -9.6552329180230670e-02        -3.1465798327266960e-02        -7.7666541979212588e-03        -3.0467619473523527e-02        -1.1224522270065280e-02        -8.9508025980313370e-03         9.4798552890878671e-04
10                                    -9.8878682897596173e-02        -2.4242583058283332e-01        -6.3588708354039097e-02         2.7046183510671257e-03         1.6359613201643898e-03         1.3168229582725252e-03         1.4782777693003388e-04         1.0762192657517038e-03
11                                    -3.2357409628226738e-02        -6.3825322418855968e-02        -6.9887294622305446e-02         1.6751403868296103e-03         5.3186570501607324e-03        -6.8721683047749151e-04         1.2595638354859621e-03         3.0887860673782411e-05
12                                    -5.9184945691995283e-02         8.3220726677536473e-03         4.8280269070262741e-02        -8.4549977783450539e-03         6.8942918973587189e-03         3.7287905098687846e-02         3.1517355201263982e-03         3.5410466306278745e-04
13                                     9.5267352324929274e-03        -5.7689439409891782e-02        -4.1048758274381494e-02         3.9140148847903716e-04        -1.5687198617940360e-03        -3.1741703470763317e-03        -9.5157534574339883e-05         6.5383224410088742e-04
14                                     5.0710902907565289e-02        -4.1375514955970402e-02        -2.9853618355773770e-01         7.3209671892629502e-04        -1.2189393237388413e-03        -4.6636462026239294e-03        -1.0408934899446888e-04         8.2514253474318382e-04
15                                    -8.6284727500236441e-02         7.3541854162817499e-02        -5.3303794647314107e-02        -1.5206463155684009e-02         2.9218452505622966e-02        -2.0260083863538985e-02         3.4542881741857767e-03        -7.7181017698858996e-04
16                                     7.5928487531591260e-02        -1.9937371595118336e-01         1.0767727505512259e-01         5.1005363540284829e-04        -2.7182622227098687e-03         8.1405140682041079e-04        -7.3320804258829655e-05         1.6486220566104130e-03
17                                    -5.4274028194535716e-02         1.0840152984702109e-01        -1.2969967708950436e-01         2.6257753693358157e-03        -5.3300313759389491e-03         3.2299844349257998e-03        -7.0429358007356464e-04        -4.6279622070427703e-05
18                                    -1.4188184816346261e-02         2.5710571553213057e-02        -1.9990291800968098e-02        -9.0837969216485792e-02         6.9467378381808192e-02        -5.0990900352941862e-02         7.1715319431564003e-03        -1.8117758302389469e-02
19                                     1.4867819908866153e-03         8.5769853636544907e-04         1.0362064611651456e-03         6.8588509806098000e-02        -1.7386548747166677e-01         9.5703092977482834e-02         3.3636009216143903e-04        -3.9765348175709925e-02
20                                     3.0877868510700325e-03        -4.0431498116370972e-03         3.2317751105816260e-03        -5.2984607948241537e-02         9.7448782027424782e-02        -1.3300945650351101e-01         5.3670463982872386e-03        -1.2632719004916436e-02
21                                    -7.8157267085281618e-03         4.7156309384186338e-03         3.4629345829292189e-02        -6.4732629353769611e-02         9.4657577718893927e-03         4.8029935497417867e-02         3.3582163503488218e-03        -1.0016976104882594e-02
22                                     1.6929095646998600e-03         1.0340062885235805e-03        -1.3696523092312186e-03         7.9020228434634847e-03        -5.7106331181681416e-02        -2.4953113471616314e-02        -1.8022237391528443e-03        -1.9291593495832659e-02
23                                     9.9134642999031825e-04         4.4637949379527236e-04        -3.2997397773383368e-03         4.9130864508843991e-02        -2.7008658160971852e-02        -2.7591337010759998e-01        -5.0972480767304366e-03        -1.3756568396689973e-02
24                                    -6.3030606290418248e-04        -5.8261416098781054e-03        -2.1656981860241837e-03        -1.6861799459042821e-02         8.7325908001305158e-03         5.1869600645284737e-03        -4.8016484715119684e-01         5.3369625905752560e-03
25                                    -1.4851918788349218e-03        -6.6183996828747330e-03        -2.3520384124431741e-03        -4.3929072399636837e-02        -3.1372241205704114e-03         4.6868117915518110e-03         5.8150988830953834e-02        -4.0258929553563472e-02
26                                    -5.1044468071853252e-04        -1.8274800679288405e-03        -7.7425560279508832e-04        -1.5234235218390808e-02        -1.5809156897916097e-03        -5.3622850745545236e-04         7.9353712041629415e-02        -1.5203496834383830e-02
                                                         8                           9                          10                          11                          12                          13                          14                          15

0                                     -2.4126228387509954e-04        -1.0049241001520889e-01        -9.8878682897596173e-02        -3.2357409628226738e-02        -5.9184945691995283e-02         9.5267352324929274e-03         5.0710902907565289e-02        -8.6284727500236441e-02
1                                      2.1906856184484933e-03        -9.6552329180230670e-02        -2.4242583058283332e-01        -6.3825322418855968e-02         8.3220726677536473e-03        -5.7689439409891782e-02        -4.1375514955970402e-02         7.3541854162817499e-02
2                                      4.8832871919148486e-03        -3.1465798327266960e-02        -6.3588708354039097e-02        -6.9887294622305446e-02         4.8280269070262741e-02        -4.1048758274381494e-02        -2.9853618355773770e-01        -5.3303794647314107e-02
3                                     -2.6979997701527050e-03        -7.7666541979212588e-03         2.7046183510671257e-03         1.6751403868296103e-03        -8.4549977783450539e-03         3.9140148847903716e-04         7.3209671892629502e-04        -1.5206463155684009e-02
4                                     -4.4044235903126061e-02        -3.0467619473523527e-02         1.6359613201643898e-03         5.3186570501607324e-03         6.8942918973587189e-03        -1.5687198617940360e-03        -1.2189393237388413e-03         2.9218452505622966e-02
5                                     -8.3049181960517027e-02        -1.1224522270065280e-02         1.3168229582725252e-03        -6.8721683047749151e-04         3.7287905098687846e-02        -3.1741703470763317e-03        -4.6636462026239294e-03        -2.0260083863538985e-02
6                                     -4.6460711827658874e-02        -8.9508025980313370e-03         1.4782777693003388e-04         1.2595638354859621e-03         3.1517355201263982e-03        -9.5157534574339883e-05        -1.0408934899446888e-04         3.4542881741857767e-03
7                                      9.2086578331893876e-02         9.4798552890878671e-04         1.0762192657517038e-03         3.0887860673782411e-05         3.5410466306278745e-04         6.5383224410088742e-04         8.2514253474318382e-04        -7.7181017698858996e-04
8                                      8.7669060842494789e-02         1.5115563164742013e-03         1.4309662227642397e-04         5.2124600151814190e-04        -1.6652292146746238e-03         9.7482722913489850e-04         1.0192412104383019e-03         7.5358256448112074e-04
9                                      1.5115563164742013e-03         1.0718734909620545e-01         1.0875814248181101e-01         3.5212829490499684e-02         2.8474106427596527e-03         7.0978704025883559e-03         9.8797002019846564e-04         6.1829447454214313e-03
10                                     1.4309662227642397e-04         1.0875814248181101e-01         2.6157550280551867e-01         7.0435774586177405e-02        -9.4805084512469655e-04        -3.5771998363052795e-03        -6.4605512457045766e-04        -1.0973797164516338e-02
11                                     5.2124600151814190e-04         3.5212829490499684e-02         7.0435774586177405e-02         7.0577366086593471e-02        -1.5165791483699276e-02        -2.7590403020144299e-02        -6.9616744472357512e-03         9.7867755462997981e-03
12                                    -1.6652292146746238e-03         2.8474106427596527e-03        -9.4805084512469655e-04        -1.5165791483699276e-02         6.4081866300817553e-02        -1.1402901696887811e-02        -5.6475010891158119e-02         2.2989565099336695e-03
13                                     9.7482722913489850e-04         7.0978704025883559e-03        -3.5771998363052795e-03        -2.7590403020144299e-02        -1.1402901696887811e-02         5.6236980341740309e-02         4.6406812304358169e-02        -5.9125168730340743e-03
14                                     1.0192412104383019e-03         9.8797002019846564e-04        -6.4605512457045766e-04        -6.9616744472357512e-03        -5.6475010891158119e-02         4.6406812304358169e-02         3.2230808718819798e-01         3.1723953570609968e-03
15                                     7.5358256448112074e-04         6.1829447454214313e-03        -1.0973797164516338e-02         9.7867755462997981e-03         2.2989565099336695e-03        -5.9125168730340743e-03         3.1723953570609968e-03         9.4177330411043411e-02
16                                    -2.2660110868100722e-04         1.1109098286721419e-02        -1.9414903549144671e-02         1.5421361940362682e-02        -3.3050778048586277e-03         5.3505280526225298e-03        -3.5308066695545412e-03        -8.4437854112971056e-02
17                                    -2.1627345052660767e-04         5.3398535306531606e-03        -7.9081570923519758e-03         5.5473838447039217e-03        -1.2245665772413730e-02         2.4949064537867119e-02        -1.6021980705443292e-02         5.8228558529793140e-02
18                                     6.5254536823830707e-03         9.7040874723409738e-04        -6.3472126005114575e-04        -1.8239788738191745e-04         1.7958830858411535e-03        -2.7277600370941490e-04         3.9588136173068431e-04        -6.9849476276690444e-03
19                                     7.8016118356207809e-03         8.3232028105348311e-04         4.1238259736244703e-04         3.7146747061977004e-05        -1.1742067494871413e-04        -2.5231659257941798e-04        -1.4555311771625133e-04        -3.8730813962816173e-04
20                                     1.1991145465519742e-02        -6.1602732961013856e-04         3.4174535980716070e-05         1.5147974114420931e-06        -4.6658569418914512e-04        -4.9456305264419104e-04         1.0772870827272961e-03         1.2355706808150012e-03
21                                    -1.6612234186444426e-02         1.1008363470022540e-03        -4.5416212362152397e-04        -4.8681179099551320e-04        -7.1295773636899850e-03         6.1351618850480458e-04         7.6997201832682341e-04         1.7512146550798186e-03
22                                    -3.7383661261426712e-02         2.9276382352159074e-04         2.4867504205928429e-04         1.0504428670059956e-04        -1.9365348662175809e-04         9.7270578861683756e-04        -4.6258464634807883e-04        -4.3991023874980851e-04
23                                    -4.7215671238784382e-03         7.8524069958697687e-04         3.8508292115673696e-04         2.0965411357091578e-05         6.1249068359463602e-04         9.1626738541711328e-05         1.5647451698187027e-03         9.7043009593396172e-05
24                                     5.8922484046153509e-02        -1.0790827674613864e-03         3.0779898006245802e-04         2.9222608544515185e-04         5.9366877455188378e-04         5.5483742786453869e-05        -1.7976231240527350e-04         6.1140378792538851e-04
25                                    -2.1500432347797239e-02        -2.0472054498111860e-03         4.6919293742678876e-04         9.1417082047051007e-05         3.9498033362051898e-04        -1.2637072651004803e-04         1.4614360052353265e-04         1.6870735236900784e-04
26                                    -1.8096958176963746e-02        -5.6522668472685990e-04        -1.9659516708626424e-04         8.6770975843464054e-04        -1.7273762766101719e-04        -1.1308071738188115e-04         2.1412426185844817e-04         2.6843996031229776e-04
                                                        16                          17                          18                          19                          20                          21                          22                          23

0                                      7.5928487531591260e-02        -5.4274028194535716e-02        -1.4188184816346261e-02         1.4867819908866153e-03         3.0877868510700325e-03        -7.8157267085281618e-03         1.6929095646998600e-03         9.9134642999031825e-04
1                                     -1.9937371595118336e-01         1.0840152984702109e-01         2.5710571553213057e-02         8.5769853636544907e-04        -4.0431498116370972e-03         4.7156309384186338e-03         1.0340062885235805e-03         4.4637949379527236e-04
2                                      1.0767727505512259e-01        -1.2969967708950436e-01        -1.9990291800968098e-02         1.0362064611651456e-03         3.2317751105816260e-03         3.4629345829292189e-02        -1.3696523092312186e-03        -3.2997397773383368e-03
3                                      5.1005363540284829e-04         2.6257753693358157e-03        -9.0837969216485792e-02         6.8588509806098000e-02        -5.2984607948241537e-02        -6.4732629353769611e-02         7.9020228434634847e-03         4.9130864508843991e-02
4                                     -2.7182622227098687e-03        -5.3300313759389491e-03         6.9467378381808192e-02        -1.7386548747166677e-01         9.7448782027424782e-02         9.4657577718893927e-03        -5.7106331181681416e-02        -2.7008658160971852e-02
5                                      8.1405140682041079e-04         3.2299844349257998e-03        -5.0990900352941862e-02         9.5703092977482834e-02        -1.3300945650351101e-01         4.8029935497417867e-02        -2.4953113471616314e-02        -2.7591337010759998e-01
6                                     -7.3320804258829655e-05        -7.0429358007356464e-04         7.1715319431564003e-03         3.3636009216143903e-04         5.3670463982872386e-03         3.3582163503488218e-03        -1.8022237391528443e-03        -5.0972480767304366e-03
7                                      1.6486220566104130e-03        -4.6279622070427703e-05        -1.8117758302389469e-02        -3.9765348175709925e-02        -1.2632719004916436e-02        -1.0016976104882594e-02        -1.9291593495832659e-02        -1.3756568396689973e-02
8                                     -2.2660110868100722e-04        -2.1627345052660767e-04         6.5254536823830707e-03         7.8016118356207809e-03         1.1991145465519742e-02        -1.6612234186444426e-02        -3.7383661261426712e-02        -4.7215671238784382e-03
9                                      1.1109098286721419e-02         5.3398535306531606e-03         9.7040874723409738e-04         8.3232028105348311e-04        -6.1602732961013856e-04         1.1008363470022540e-03         2.9276382352159074e-04         7.8524069958697687e-04
10                                    -1.9414903549144671e-02        -7.9081570923519758e-03        -6.3472126005114575e-04         4.1238259736244703e-04         3.4174535980716070e-05        -4.5416212362152397e-04         2.4867504205928429e-04         3.8508292115673696e-04
11                                     1.5421361940362682e-02         5.5473838447039217e-03        -1.8239788738191745e-04         3.7146747061977004e-05         1.5147974114420931e-06        -4.8681179099551320e-04         1.0504428670059956e-04         2.0965411357091578e-05
12                                    -3.3050778048586277e-03        -1.2245665772413730e-02         1.7958830858411535e-03        -1.1742067494871413e-04        -4.6658569418914512e-04        -7.1295773636899850e-03        -1.9365348662175809e-04         6.1249068359463602e-04
13                                     5.3505280526225298e-03         2.4949064537867119e-02        -2.7277600370941490e-04        -2.5231659257941798e-04        -4.9456305264419104e-04         6.1351618850480458e-04         9.7270578861683756e-04         9.1626738541711328e-05
14                                    -3.5308066695545412e-03        -1.6021980705443292e-02         3.9588136173068431e-04        -1.4555311771625133e-04         1.0772870827272961e-03         7.6997201832682341e-04        -4.6258464634807883e-04         1.5647451698187027e-03
15                                    -8.4437854112971056e-02         5.8228558529793140e-02        -6.9849476276690444e-03        -3.8730813962816173e-04         1.2355706808150012e-03         1.7512146550798186e-03        -4.3991023874980851e-04         9.7043009593396172e-05
16                                     2.1335069209043067e-01        -1.1905043986058722e-01         1.8796974216917818e-04         1.1058881285441052e-03        -6.5120081104887107e-04         1.0677773911508398e-04         5.2074236567103190e-06        -4.5762386498926586e-04
17                                    -1.1905043986058722e-01         1.3508876399098890e-01         1.6000585332470929e-03         6.8411396657266487e-05         1.2570648894800432e-03        -6.0641898307813545e-04        -7.6326167266009353e-04         8.7348936882711888e-04
18                                     1.8796974216917818e-04         1.6000585332470929e-03         9.5969726228429281e-02        -7.1791239243313348e-02         5.6985862204719920e-02         4.6004451112454815e-03        -4.3917234658671098e-03         4.8364531931086169e-03
19                                     1.1058881285441052e-03         6.8411396657266487e-05        -7.1791239243313348e-02         2.0525425710871484e-01        -1.0411869708082859e-01        -1.1185842233678127e-04         5.7371348283363870e-03         6.0738188799640269e-05
20                                    -6.5120081104887107e-04         1.2570648894800432e-03         5.6985862204719920e-02        -1.0411869708082859e-01         1.3405881629920355e-01        -1.3405589880313564e-02         2.3518651281727060e-02        -1.8820672508447864e-02
21                                     1.0677773911508398e-04        -6.0641898307813545e-04         4.6004451112454815e-03        -1.1185842233678127e-04        -1.3405589880313564e-02         6.7644373734772362e-02        -4.6605212614950148e-03        -5.1334731644816688e-02
22                                     5.2074236567103190e-06        -7.6326167266009353e-04        -4.3917234658671098e-03         5.7371348283363870e-03         2.3518651281727060e-02        -4.6605212614950148e-03         6.7622018067019882e-02         4.0865087422681419e-02
23                                    -4.5762386498926586e-04         8.7348936882711888e-04         4.8364531931086169e-03         6.0738188799640269e-05        -1.8820672508447864e-02        -5.1334731644816688e-02         4.0865087422681419e-02         3.0004353472998768e-01
24                                    -3.1951527832753315e-05         5.7673429569298374e-05         1.5031065445946911e-03         1.1639318448703716e-03         8.2734189726179058e-04         1.2228472275390102e-03         1.6082257317215918e-03        -2.2222606076075305e-05
25                                     4.5943971173487404e-05        -3.2413835293068730e-04        -1.5777893670286883e-04         5.1579104063288772e-04         9.1173440336828624e-04         3.3394550288800813e-04         7.7817723930137701e-04        -5.9340061555622644e-04
26                                     7.2861075491043991e-06        -5.8755283451521981e-05         7.8908388630290194e-04        -4.1596989566846081e-04         2.1252536703517339e-04        -9.8270305648328954e-04         4.1082664340587154e-04         2.5261483727403002e-04
                                                        24                          25                          26

0                                     -6.3030606290418248e-04        -1.4851918788349218e-03        -5.1044468071853252e-04
1                                     -5.8261416098781054e-03        -6.6183996828747330e-03        -1.8274800679288405e-03
2                                     -2.1656981860241837e-03        -2.3520384124431741e-03        -7.7425560279508832e-04
3                                     -1.6861799459042821e-02        -4.3929072399636837e-02        -1.5234235218390808e-02
4                                      8.7325908001305158e-03        -3.1372241205704114e-03        -1.5809156897916097e-03
5                                      5.1869600645284737e-03         4.6868117915518110e-03        -5.3622850745545236e-04
6                                     -4.8016484715119684e-01         5.8150988830953834e-02         7.9353712041629415e-02
7                                      5.3369625905752560e-03        -4.0258929553563472e-02        -1.5203496834383830e-02
8                                      5.8922484046153509e-02        -2.1500432347797239e-02        -1.8096958176963746e-02
9                                     -1.0790827674613864e-03        -2.0472054498111860e-03        -5.6522668472685990e-04
10                                     3.0779898006245802e-04         4.6919293742678876e-04        -1.9659516708626424e-04
11                                     2.9222608544515185e-04         9.1417082047051007e-05         8.6770975843464054e-04
12                                     5.9366877455188378e-04         3.9498033362051898e-04        -1.7273762766101719e-04
13                                     5.5483742786453869e-05        -1.2637072651004803e-04        -1.1308071738188115e-04
14                                    -1.7976231240527350e-04         1.4614360052353265e-04         2.1412426185844817e-04
15                                     6.1140378792538851e-04         1.6870735236900784e-04         2.6843996031229776e-04
16                                    -3.1951527832753315e-05         4.5943971173487404e-05         7.2861075491043991e-06
17                                     5.7673429569298374e-05        -3.2413835293068730e-04        -5.8755283451521981e-05
18                                     1.5031065445946911e-03        -1.5777893670286883e-04         7.8908388630290194e-04
19                                     1.1639318448703716e-03         5.1579104063288772e-04        -4.1596989566846081e-04
20                                     8.2734189726179058e-04         9.1173440336828624e-04         2.1252536703517339e-04
21                                     1.2228472275390102e-03         3.3394550288800813e-04        -9.8270305648328954e-04
22                                     1.6082257317215918e-03         7.7817723930137701e-04         4.1082664340587154e-04
23                                    -2.2222606076075305e-05        -5.9340061555622644e-04         2.5261483727403002e-04
24                                     4.9480500910599429e-01        -1.1388136953640673e-02        -6.2932445519358393e-02
25                                    -1.1388136953640673e-02         4.8331818894984127e-02         1.8926664236261281e-02
26                                    -6.2932445519358393e-02         1.8926664236261281e-02         1.7919223346063520e-02
   &MODES [&Type "ArrayOfDoubles", &Dim (27,27)] "The modes of vibrations"
                                                         0                           1                           2                           3                           4                           5                           6                           7

0                                      0.0000000000000000e+00         0.0000000000000000e+00         0.0000000000000000e+00         0.0000000000000000e+00         0.0000000000000000e+00         0.0000000000000000e+00         1.3302796182540456e-03         2.6518122012453888e-03
1                                      0.0000000000000000e+00         0.0000000000000000e+00         0.0000000000000000e+00         0.0000000000000000e+00         0.0000000000000000e+00         0.0000000000000000e+00        -5.0661897046100357e-03        -9.2596105104814815e-03
2                                      0.0000000000000000e+00         0.0000000000000000e+00         0.0000000000000000e+00         0.0000000000000000e+00         0.0000000000000000e+00         0.0000000000000000e+00         1.2666350086018270e-02         2.3392629762413967e-02
3                                      0.0000000000000000e+00         0.0000000000000000e+00         0.0000000000000000e+00         0.0000000000000000e+00         0.0000000000000000e+00         0.0000000000000000e+00         5.3109449647380296e-03        -6.4468647375528704e-03
4                                      0.0000000000000000e+00         0.0000000000000000e+00         0.0000000000000000e+00         0.0000000000000000e+00         0.0000000000000000e+00         0.0000000000000000e+00        -1.7499824810470209e-02         2.0691599691884159e-02
5                                      0.0000000000000000e+00         0.0000000000000000e+00         0.0000000000000000e+00         0.0000000000000000e+00         0.0000000000000000e+00         0.0000000000000000e+00         4.5656947442142173e-02        -5.2798943970212411e-02
6                                      0.0000000000000000e+00         0.0000000000000000e+00         0.0000000000000000e+00         0.0000000000000000e+00         0.0000000000000000e+00         0.0000000000000000e+00        -8.5574751039915169e-03        -3.2184921716008684e-03
7                                      0.0000000000000000e+00         0.0000000000000000e+00         0.0000000000000000e+00         0.0000000000000000e+00         0.0000000000000000e+00         0.0000000000000000e+00         2.8829857462860882e-02         1.1412524565695676e-02
8                                      0.0000000000000000e+00         0.0000000000000000e+00         0.0000000000000000e+00         0.0000000000000000e+00         0.0000000000000000e+00         0.0000000000000000e+00        -7.4161036532458521e-02        -2.9237353820668527e-02
9                                      0.0000000000000000e+00         0.0000000000000000e+00         0.0000000000000000e+00         0.0000000000000000e+00         0.0000000000000000e+00         0.0000000000000000e+00        -5.4416669099552450e-02         2.8665502138872298e-02
10                                     0.0000000000000000e+00         0.0000000000000000e+00         0.0000000000000000e+00         0.0000000000000000e+00         0.0000000000000000e+00         0.0000000000000000e+00         1.7860541405035549e-01        -9.3116630453334154e-02
11                                     0.0000000000000000e+00         0.0000000000000000e+00         0.0000000000000000e+00         0.0000000000000000e+00         0.0000000000000000e+00         0.0000000000000000e+00        -4.5983287364214231e-01         2.3825856793525252e-01
12                                     0.0000000000000000e+00         0.0000000000000000e+00         0.0000000000000000e+00         0.0000000000000000e+00         0.0000000000000000e+00         0.0000000000000000e+00        -7.6161612343910459e-02         8.8922109944442829e-02
13                                     0.0000000000000000e+00         0.0000000000000000e+00         0.0000000000000000e+00         0.0000000000000000e+00         0.0000000000000000e+00         0.0000000000000000e+00        -4.6324050074560918e-01         1.7986391914640429e-01
14                                     0.0000000000000000e+00         0.0000000000000000e+00         0.0000000000000000e+00         0.0000000000000000e+00         0.0000000000000000e+00         0.0000000000000000e+00         7.4323520924417338e-02         9.1090252087294588e-03
15                                     0.0000000000000000e+00         0.0000000000000000e+00         0.0000000000000000e+00         0.0000000000000000e+00         0.0000000000000000e+00         0.0000000000000000e+00         1.2519897319805487e-01        -9.9821557931485880e-02
16                                     0.0000000000000000e+00         0.0000000000000000e+00         0.0000000000000000e+00         0.0000000000000000e+00         0.0000000000000000e+00         0.0000000000000000e+00         2.9836725284077797e-01        -1.4678503395751136e-01
17                                     0.0000000000000000e+00         0.0000000000000000e+00         0.0000000000000000e+00         0.0000000000000000e+00         0.0000000000000000e+00         0.0000000000000000e+00         3.4658532798188757e-01        -9.5459643044957992e-02
18                                     0.0000000000000000e+00         0.0000000000000000e+00         0.0000000000000000e+00         0.0000000000000000e+00         0.0000000000000000e+00         0.0000000000000000e+00         1.5392585157052918e-03         1.2900483774469658e-02
19                                     0.0000000000000000e+00         0.0000000000000000e+00         0.0000000000000000e+00         0.0000000000000000e+00         0.0000000000000000e+00         0.0000000000000000e+00         3.5303761019671122e-02         1.0980858591834545e-02
20                                     0.0000000000000000e+00         0.0000000000000000e+00         0.0000000000000000e+00         0.0000000000000000e+00         0.0000000000000000e+00         0.0000000000000000e+00         1.2262123657086454e-01        -8.4291292399699291e-02
21                                     0.0000000000000000e+00         0.0000000000000000e+00         0.0000000000000000e+00         0.0000000000000000e+00         0.0000000000000000e+00         0.0000000000000000e+00         2.0621169359453431e-02        -3.1198406153561634e-02
22                                     0.0000000000000000e+00         0.0000000000000000e+00         0.0000000000000000e+00         0.0000000000000000e+00         0.0000000000000000e+00         0.0000000000000000e+00        -1.0783323286843305e-01         4.7255693345978879e-02
23                                     0.0000000000000000e+00         0.0000000000000000e+00         0.0000000000000000e+00         0.0000000000000000e+00         0.0000000000000000e+00         0.0000000000000000e+00         6.4803062572132128e-02        -6.4854885443492521e-02
24                                     0.0000000000000000e+00         0.0000000000000000e+00         0.0000000000000000e+00         0.0000000000000000e+00         0.0000000000000000e+00         0.0000000000000000e+00         3.9908657872672844e-02         9.6836463730270328e-02
25                                     0.0000000000000000e+00         0.0000000000000000e+00         0.0000000000000000e+00         0.0000000000000000e+00         0.0000000000000000e+00         0.0000000000000000e+00        -1.2990159232025755e-01        -3.1555853145947627e-01
26                                     0.0000000000000000e+00         0.0000000000000000e+00         0.0000000000000000e+00         0.0000000000000000e+00         0.0000000000000000e+00         0.0000000000000000e+00         3.3362402804529051e-01         8.1169027509212777e-01
                                                         8                           9                          10                          11                          12                          13                          14                          15

0                                     -9.4717688671562328e-02         4.9472936590102658e-03        -1.2955087321606437e-01         1.0746929274624098e-01        -3.0144689750114070e-02        -9.5409261892347181e-03        -1.3149086378219965e-02         9.7140992843051700e-03
1                                     -7.8245232683132174e-02        -1.6315218130106293e-02        -6.4769982000730655e-02        -7.0833528641236918e-02        -5.5678633774099810e-02         3.0330538917554509e-02         6.9534656882015794e-02        -3.1248069526203775e-02
2                                     -1.9149158489272625e-02         4.1512539051988519e-02        -9.7470963065611118e-03        -4.0482525566839532e-02        -1.7868645018351222e-02        -7.8371768544662296e-02         2.8808435976054186e-02         7.9475811102403565e-02
3                                     -5.7880911645585828e-02         6.4848755344230251e-03         5.3379714940670620e-02        -1.4920819637916211e-01         5.7789325730911681e-02         1.5711820317547628e-02         3.1108899322764037e-02        -3.7567364627504305e-03
4                                      9.0426379758204736e-02        -2.1442255711976624e-02        -8.5981432896710536e-02        -1.0758298082737089e-02         1.5210753816928788e-01        -5.0143741241519026e-02        -6.9396125501981862e-02         1.1507308550945115e-02
5                                      4.2011610392424951e-02         5.4948407620057128e-02        -3.9807002870536914e-02         1.3722178373505487e-02         5.1928147112796766e-02         1.3010625760417832e-01        -3.0646726913975467e-02        -2.8777443710404898e-02
6                                      1.3919579350658648e-01        -2.1203129865761117e-03         5.8571907168930848e-02         1.5854073575146278e-02        -3.7834751215443045e-02        -5.0494187372078780e-03        -3.3441798474374972e-02        -2.6675971565428918e-03
7                                      2.7343528672738027e-02         7.4105786648804139e-03         8.8937208862967104e-02         6.9196403216727376e-02        -9.8220097328877806e-02         1.5999352230254574e-02         4.6051829865773344e-02         8.9802902874188354e-03
8                                     -5.7726496366586983e-03        -1.8587532753216375e-02         2.7543119557879941e-02         2.4965161468774949e-02        -3.3537566545478181e-02        -4.1945894182508721e-02         2.1715799453679008e-02        -2.3667144414979691e-02
9                                      1.5263578739365252e-01        -1.9416099640634284e-02        -5.3597854836785552e-01        -1.4416080193195438e-01        -2.9481714270170678e-01         1.8020880985292153e-02         1.5713434278040522e-01        -1.3259891266709714e-02
10                                    -1.8625994530687723e-01         6.1903927732104833e-02         1.0999797448381361e-01         4.4397464598915158e-02         6.6082074364253215e-02        -6.0668589575900322e-02        -1.0168254564792770e-02         4.0888824251905750e-02
11                                    -8.9817056013892241e-02        -1.5864016683684504e-01         1.0690107633703294e-01         3.4520071736306814e-02         6.0262458366832104e-02         1.5582228741543921e-01        -2.2387280543345763e-02        -1.0432464714052637e-01
12                                    -2.4644058307471181e-01        -4.3455266037703688e-01         6.6876324831095887e-02         3.0463442886904468e-01         1.0700336176965677e-01         2.6710385853377533e-01        -1.6667518443766274e-01        -2.4034695907035691e-01
13                                    -1.8083954222625934e-01         1.4735968937357510e-01         1.1515638626073335e-01         7.9704150064633911e-02         1.2019483858141322e-01        -9.8945800069086765e-02        -1.1224758292791544e-01         8.9004432408814504e-02
14                                    -3.3920528341171569e-02        -8.5427765410766021e-02         4.3571798815952327e-03        -2.4601175803199267e-02        -1.3113239258363479e-02         1.1367375393279769e-02         2.5054262011956305e-02         2.9440792411894812e-03
15                                    -2.4847873393546799e-01         3.9467922152572338e-01         7.3162673735806413e-02         3.0764992679166803e-01         1.1753751411268828e-01        -2.4905372137007706e-01        -1.7522046260236074e-01         2.2870984503803118e-01
16                                    -1.7690981861388852e-01        -1.7442409972377112e-02         9.3576128308703307e-02         6.6997142705348234e-02         8.8424093028834888e-02         4.4964388819336253e-02        -7.9618700714807505e-02        -4.8030890464932120e-02
17                                    -4.6619770978611065e-02        -2.4820005131196377e-01         6.0523939658166367e-02         9.0326783091253700e-03         6.7089199550588396e-02         1.2881805993701889e-01        -5.9114137654251518e-02        -1.0548924390772590e-01
18                                    -8.4683762618652542e-02         3.5117406488374370e-01         1.5563018312133206e-01        -9.8807276420596502e-02         2.0030866234644767e-01        -3.6161063405850388e-02         2.9285044884783190e-01        -5.3351310048427170e-01
19                                     6.7829038109297871e-02        -9.5493897380306308e-02        -1.0551454028475129e-02         3.3155392162810091e-02         2.0557863697681217e-01        -3.7503906132526771e-01         6.3340793054774386e-02        -2.8658803641267061e-01
20                                     2.9313701005191765e-02        -3.0717016512650791e-01        -2.0023599436645455e-02         2.7182266807315326e-02         4.4433492945421323e-02        -2.8750243280586618e-01        -2.1838040435960701e-02        -5.5356838908534933e-02
21                                    -8.2954272287060343e-02        -3.9808468503295086e-01         1.5587097345412093e-01        -9.8964700376665507e-02         2.0244874805324076e-01         6.3030254452145487e-03         2.9935546369362898e-01         5.3055520285376090e-01
22                                     6.3374222847697656e-02         2.4774135937550565e-01        -9.4414929040070386e-03         3.4595595233817673e-02         1.9627927485764440e-01         4.7286488453990194e-01         5.8956795008549938e-02         2.9113137644009512e-01
23                                     4.1557289458220202e-02        -8.4364968611779612e-02        -2.4403430271304948e-02         2.3201804250320850e-02         6.3963337417092508e-02         3.6854120522557314e-02        -1.8243301311241349e-03         4.2193301893626751e-02
24                                     1.1891788207917345e-01         3.6318087303455738e-03         6.2414424227511797e-02        -2.4640616211010040e-02        -6.1371558331801516e-02         4.0114778924752755e-04        -9.0658873644336030e-02        -7.9092836228338156e-04
25                                    -1.6633767778004283e-01        -1.1783777999696767e-02         8.5953767139702722e-02        -3.8491504663335258e-01        -2.6662264154495757e-01        -1.0302501853182908e-03        -6.5284948480431626e-01         6.2833967186700576e-03
26                                    -8.1311540161344537e-02         2.9427627258942310e-02         2.5950305467666589e-02        -1.4671569311712654e-01        -9.6168138401808809e-02         3.9554833194258027e-03        -2.4265968257667678e-01        -8.4264202752864711e-03
                                                        16                          17                          18                          19                          20                          21                          22                          23

0                                      1.1506663115666177e-01        -6.8357084626817208e-02         6.1129221088173516e-03        -8.0300065404330257e-03        -2.4174189115132227e-03        -6.4788701283798923e-04        -9.4180790461681691e-04         4.8455290942898917e-02
1                                     -1.3526539395628437e-02        -1.9023721422323333e-02        -1.7769591124844150e-02         4.3158744360838060e-02         1.3454638822663944e-02        -4.7136029378605287e-03         3.1201586434159911e-03         6.6893441969175687e-04
2                                     -1.9248925328095228e-02         1.1845036345832444e-03         4.5571264113442971e-02         1.8013645583664282e-02         5.4160905226842372e-03        -1.7000083994734251e-03        -8.0202781481851140e-03        -5.2776077220425812e-03
3                                      4.4220145165296286e-02         1.3858311186411501e-01         1.5844760841656413e-03         3.0648310376909103e-02        -2.4703560049051745e-02        -3.4936021120502397e-02         9.7873654656812480e-03        -2.3559842025861815e-03
4                                      1.8491296146038005e-02         3.1940112111889185e-02        -7.7908829370887276e-03        -3.2878739353241831e-06         7.1219722649420558e-02         4.8070178107959334e-02        -3.2206852990827949e-02         9.2802103789894289e-04
5                                      1.9267311340194309e-03        -4.0999323713338523e-03         1.9890074869763585e-02        -3.6332587563251500e-03         3.0566279742493107e-02         2.2244780408542646e-02         8.3842104379367080e-02         6.5270740152731724e-04
6                                     -1.2066457842428666e-02        -2.8394011291989978e-02        -6.3343815460350117e-05        -1.8518030995614591e-03        -1.7059659214703337e-03         1.9409234488192138e-03        -4.8380139086188707e-05        -4.6166411470554038e-05
7                                      1.1310367287710702e-02         3.1425998150191752e-02         5.9480491949341087e-04        -5.5460954088700958e-03         6.7801070522242645e-03         2.0618890359445302e-03         2.0603839360349891e-04         3.8531073665417205e-05
8                                      5.8297585929667772e-03         1.5560490735674549e-02        -1.7063218193541726e-03        -1.9412299344155957e-03         2.8617153877026243e-03         5.7171995413163323e-04        -4.8300898155364218e-04         1.8275019299188828e-05
9                                     -4.5677651830334953e-01         1.4809733779332535e-01        -7.8538968324940839e-02        -2.5971281145058278e-01        -1.1277124847677052e-01         1.6564078435743479e-02        -4.3323963006621007e-04        -2.5737572701912215e-01
10                                     2.1829443623046785e-01        -1.0589461675728572e-01         2.5335906807972142e-01         1.3412523958248437e-01         5.8154367446871857e-02         4.5892237026358119e-02         1.1051744916064843e-03        -5.1418106199909919e-01
11                                     1.4166856243697781e-01        -6.3355071016238829e-02        -6.4835653723320441e-01         8.0482675425398637e-02         3.7562427718033878e-02         1.6002549426172387e-02        -3.0230347121727413e-03        -1.6950342471483767e-01
12                                    -4.3322531203950559e-01         1.5816007172033936e-01         3.3203108460384723e-01         2.0033018139543313e-01         8.7001339269756367e-02        -6.3931013065240158e-04        -1.2043245084628246e-02        -1.0247635505896800e-01
13                                    -2.1493144415180944e-02         1.1489097338662103e-01         3.4449806266836652e-01        -5.4506492578603771e-01        -2.0127806721846561e-01        -9.9649486155410074e-04         1.3159539006226807e-02         9.0182361138584091e-02
14                                    -1.2421057509232067e-01         2.7814203542412659e-02         3.8600488693606425e-02         1.5274317473035401e-01         5.8281233337785544e-02         7.7035760577322688e-03         6.7219962181580578e-02         5.3054373409844990e-01
15                                    -3.9789076370345183e-01         1.5462628350918076e-01        -3.4822781072586634e-01         1.1880478614752231e-01         5.8285966401526966e-02        -2.6189910397602253e-03         2.4516284067081819e-02        -2.0264990249894269e-01
16                                    -1.3169425797534334e-01         1.1279326193576256e-01        -3.0780571486683694e-01        -2.8782918150895076e-01        -1.0204207746234137e-01         5.1007433127537322e-03        -5.3646159811523167e-02         4.1532930548037966e-01
17                                     1.6426064036992993e-01         2.2725538189920392e-02        -1.3105892515005815e-01        -5.1545324718314123e-01        -1.9356594271438238e-01        -6.5962070665296253e-03         3.6808410934001813e-02        -3.0029263804216183e-01
18                                    -1.9705440625100712e-01        -3.9186969807772298e-01         3.4967031044343781e-02        -1.3243102922917721e-01         1.1816268973406026e-01         2.5466956778100086e-01        -2.6107133654185188e-01         7.5389254868981391e-03
19                                    -1.0247700339272148e-01        -2.3980687850333984e-01        -1.8723951229373304e-02         8.4466431323772698e-02        -2.9466875825651417e-01        -5.0970878417359655e-01         4.9529288962911144e-01        -1.0408725599566241e-02
20                                     5.3182487454256344e-04         3.2532287859995572e-05        -1.4957925650963860e-02         2.1069622407263611e-01        -5.4205490124917277e-01         3.8912702630829737e-01        -3.5062912526230067e-01         7.8816301331209263e-03
21                                    -2.0048747472185618e-01        -4.0076872545027686e-01        -3.0042438128229130e-02        -1.6532421176500831e-01         2.0266623122626395e-01         1.2605776560892010e-01         1.4474011503914896e-01         4.8602254541060871e-03
22                                    -9.1277279632149599e-02        -2.0848609120445194e-01         1.9329393150854617e-02         1.9285164094707888e-01        -5.7065631944737194e-01        -9.6572828185279389e-02        -1.1369848960819301e-01        -1.8938867800514679e-03
23                                    -2.8217864176848712e-02        -7.9212312839175986e-02         1.0653460569972815e-02        -6.7341658447219024e-02         1.6757905747525501e-01        -6.6296773530614772e-01        -6.4336771601960996e-01        -1.4182219773407487e-02
24                                    -2.1055814050295437e-02        -5.4365335453810310e-02        -9.0319608063142308e-04        -1.7874008025823205e-03        -3.1030862173871201e-03        -8.3322342123143928e-04        -3.4147271149495003e-04         1.5312494685893010e-03
25                                    -1.1002959562187092e-01        -3.2619834823954175e-01         4.4726759779232057e-03        -4.7478230282643448e-03        -6.0753041591459188e-03         6.9359333752336012e-03         1.1043851295795596e-03         1.3316400527144498e-03
26                                    -4.0157026174018243e-02        -1.2024206945341465e-01        -7.8137950978512810e-03        -1.6679309615752630e-03        -1.9773048680145609e-03         2.8516197996397031e-03        -2.8103762552784007e-03         3.7166404877756208e-04
                                                        24                          25                          26

0                                     -6.8514264784043386e-03        -1.0025536237599445e-02        -1.4161649508950588e-04
1                                     -8.3797021286541692e-02         2.7135199143081611e-02         4.6864339534198292e-04
2                                     -2.6470629309018508e-02        -8.3334294391523261e-02         1.7720197481975016e-04
3                                      1.9191087031168170e-03        -1.0269759665428428e-03         1.1199877489876989e-03
4                                     -4.1063897721797414e-03         3.4352850827682052e-03        -2.0895042694261240e-03
5                                     -1.1615890074683998e-03        -9.4645094566227963e-03        -9.4966881163426682e-04
6                                      1.4743491345144873e-04         2.5146482108533186e-05         5.9976312811287159e-02
7                                      4.0079633548851791e-04        -6.9117763161804716e-05        -6.5955314379157512e-04
8                                      1.1390989018154711e-04         2.3579683047740508e-04        -7.3888663173024170e-03
9                                      3.3078007624846917e-01         1.6120913188871669e-02         4.3968070088986347e-04
10                                     6.3519507578925238e-01         4.0308691397842933e-02        -1.4177303440772926e-03
11                                     2.0883139370845066e-01        -3.9158535633205096e-03        -4.8720167050345326e-04
12                                    -7.7178559623080609e-02        -1.4237062160490049e-01        -9.2059927755570750e-04
13                                     4.5412325283518434e-02         1.2169001789647654e-01        -1.1726952261078302e-04
14                                     3.6268314923168765e-01         6.6394121605452650e-01         7.8839325225439302e-04
15                                    -1.7466576986402105e-01         2.4616031672754746e-01        -8.6794822400468677e-04
16                                     3.2615704865333867e-01        -4.8649276685245285e-01         2.8265626462586229e-04
17                                    -2.5288076761175349e-01         3.3723123044441838e-01        -3.7224579153931293e-04
18                                    -1.5437485731694919e-02         2.7891964323425535e-02        -2.5614756457887303e-03
19                                     2.8282164461584318e-02        -4.7965388367361091e-02        -1.4191594970387530e-03
20                                    -2.0025712758953956e-02         3.6588998369050857e-02        -1.6824686384738551e-03
21                                    -6.7618994629814137e-03        -1.6720572423784951e-02        -2.3381696530628293e-03
22                                     5.2257097746818398e-03         9.5375530237309120e-03        -2.3924886861181002e-03
23                                     2.8544278110231056e-02         6.7390239937011626e-02         7.8169670903282238e-04
24                                    -3.0455837356748691e-04         2.1701319826389822e-04        -9.5735490635122655e-01
25                                     7.9466974280553520e-04        -2.4901081237969133e-04         3.4846085739729103e-02
26                                     2.9620085437537979e-04         7.8194606910113773e-04         1.2745255172206738e-01
$End
